CELL_PARAMETERS bohr
  -4.4344498542  0.0000000000  4.4344498542
  -0.0000000000  4.4344498542  4.4344498542
  -4.4344498542  4.4344498542  0.0000000000
ATOMIC_POSITIONS crystal
  Y    -0.0000000000  0.0000000000  0.0000000000
  H    0.7500000000  0.7500000000  0.7500000000
  H    0.2500000000  0.2500000000  0.2500000000
  H    0.6210917628  0.1367247117  0.6210917628
  H    0.3789082372  0.8632752883  0.3789082372
  H    0.3789082372  0.3789082372  0.3789082372
  H    0.6210917628  0.6210917628  0.6210917628
  H    0.1367247117  0.6210917628  0.6210917628
  H    0.8632752883  0.3789082372  0.3789082372
  H    0.3789082372  0.3789082372  0.8632752883
  H    0.6210917628  0.6210917628  0.1367247117
